12-10 09:40 [2, 4, 7]
Max: [21.26551964183424, -5.777534977110428, 28.072304016700663]
Mean: [0.7543859160914883, -5.849819240628083, 4.484814793264881]
Gains:[-100.0, -100.0, -40.41997375329397, -24.47715250169207]
Enemylife:[100.0, 100.0, 40.41997375329397, 24.47715250169207]
Playerlife:[0.0, 0.0, 0.0, 0.0]
12-10 09:41 [7, 8]
Max: [3.519361076658008, 3.519361076658008, -3.3322045101752034]
Mean: [-2.6694738756984595, -3.436074405545903, -5.148965802254206]
Gains:[-100.0, -100.0, -100.0, -80.0]
Enemylife:[100.0, 100.0, 100.0, 80.0]
Playerlife:[0.0, 0.0, 0.0, 0.0]
12-10 09:44 [1, 2, 3, 4, 5, 6, 7, 8]
Max: [-5.955144548042651, -5.955144548042651, -5.931566454955752]
Mean: [-6.518753438416795, -6.335564983094651, -6.099050230511484]
Gains:[-109.33963869029161, -106.99444307202457, -108.84591329697224, -107.3647371170141]
Enemylife:[100.0, 100.0, 100.0, 100.0]
Playerlife:[-9.339638690291611, -6.9944430720245645, -8.845913296972235, -7.3647371170141005]
