11-10 12:04 
Max: [-5.252273428046628, -5.252273428046628]
Mean: [-5.692828738886945, -5.524165589406]
Gains:[-100.0, -90.0, 0.0, 0.0]
Enemylife:[100.0, 90.0, 0.0, 0.0]
Playerlife:[0.0, 0.0, 0.0, 0.0]
11-10 12:04 
Max: [-5.252273428046628, -5.252273428046628]
Mean: [-5.692828738886945, -5.524165589406]
Enemylife:0.0
Playerlife:0.0
11-10 12:05 
Max: [-5.783825182329737, 12.870101285076927]
Mean: [-5.820122923706153, -1.0403452211520392]
Gains:[-100.0, -100.0, -90.0, -50.0]
Enemylife:[100.0, 100.0, 90.0, 50.0]
Playerlife:[0.0, 0.0, 0.0, 0.0]
11-10 12:05 
Best fitness: 12.870101285076927
Enemylife:50.0
Playerlife:0.0
